<?xml version="1.0"?>
<opencv_storage>
<cameraMatrix type_id="opencv-matrix">
  <rows>3</rows>
  <cols>3</cols>
  <dt>d</dt>
  <data>
    1.3352295775101445e+03 0. 3.7338240991095915e+02 0.
    1.3342509217584716e+03 3.4743561493361585e+02 0. 0. 1.</data></cameraMatrix>
<distCoeffs type_id="opencv-matrix">
  <rows>1</rows>
  <cols>5</cols>
  <dt>d</dt>
  <data>
    1.3546135433101117e-01 1.3349055883467316e+00 2.5112602633485935e-02
    -4.1172178862423029e-03 -1.3951340242572712e+01</data></distCoeffs>
<R type_id="opencv-matrix">
  <rows>25</rows>
  <cols>1</cols>
  <dt>"3d"</dt>
  <data>
    -1.0846082936506769e-01 5.7313079871634962e-02
    1.5697797498215917e+00 -3.8139007894578242e-01
    7.4883566667939028e-01 1.7303523459378403e+00 7.1313777461270355e-03
    3.4410900033727376e-01 1.6254409793060542e+00
    -5.2339918233339127e-03 4.5744030073852282e-01
    1.5573187663946060e+00 -5.4022535491646229e-01
    -1.5411964953357762e-01 1.6325598532570411e+00
    -4.6768460097713810e-01 -5.0703708397680591e-01
    1.5179846663176768e+00 -2.3325196449841940e-01
    -1.7983308879371163e-01 1.5840440411691648e+00
    -2.7714625991439440e-01 -1.9825211136509108e-05
    1.6859480521386565e+00 -8.7799564496378513e-01
    3.8400630780240425e-01 1.6584073701742956e+00
    -6.7205989749796857e-01 4.7452218131684881e-01
    1.1824340875752828e+00 -9.4196147650665563e-01
    3.1137241421927025e-01 1.5146703797914909e+00
    -4.5717485065592006e-02 6.7450878824120319e-02
    1.7181086441755382e+00 2.0089786487053094e-02 1.9837024010643178e-01
    1.7160045615059958e+00 2.6379068379252962e-01 1.7132180818568085e-01
    1.5988506734845505e+00 4.5084096144561614e-01
    -1.2405573540482448e-01 1.4619694581623059e+00
    2.9263082656390255e-01 3.4395806602436546e-01 1.7058478110051465e+00
    4.5403046680527903e-01 4.9838003071644815e-01 1.7175327426716180e+00
    -5.2871287042392072e-02 3.0026609996254283e-01
    2.2443583916556689e+00 5.4093197492381384e-01 5.2900448944936773e-01
    1.5594541219991456e+00 -3.1709969029586971e-01
    5.2652730934840908e-01 1.6593916785700948e+00
    -3.3427660776132295e-01 5.8310919518134674e-01
    1.6751996186240350e+00 -2.8389492990730231e-01
    6.6253930046478104e-01 1.6107879430049730e+00 3.0574838971507834e-01
    -5.0643415584991502e-01 1.3622879082962933e+00
    2.8594242552245941e-01 -4.0693535140385845e-01
    1.3931421061525591e+00 7.6229207351688172e-02 3.7482252842671387e-01
    1.6016304377036397e+00</data></R>
<T type_id="opencv-matrix">
  <rows>25</rows>
  <cols>1</cols>
  <dt>"3d"</dt>
  <data>
    7.9179844565498714e+00 -1.3503374219485710e+01
    7.8208246896772238e+01 9.5346726576448262e+00
    -6.6891334181157429e+00 7.6302437869295915e+01
    9.2636598016026817e+00 -1.2116844765870527e+01
    7.3709706651250883e+01 8.6460993477999484e+00
    -1.0954361678383025e+01 6.9702532444980534e+01
    4.6046603382925575e+00 -1.2961667417175400e+01
    9.3001887498197306e+01 -5.0128615864500086e+00
    -2.9469472050947466e+01 1.3974700681642506e+02
    2.0008673058227210e+01 -2.7284222676906690e+01
    1.2022065271339299e+02 1.7542784284014221e+01
    -7.8875663388907133e+00 1.0575475691318887e+02
    1.6180999439346511e+01 -2.8037739748560369e+00
    1.0448457133598941e+02 5.4761636632728266e+00
    -1.4143617525300433e+01 8.2014788303441634e+01
    -4.5122623844942238e+00 -2.0031984406355111e+01
    1.1722363589293158e+02 4.1314431345659948e+00
    -1.3214217999713007e+01 9.3797125745057798e+01
    1.2838308755809008e+01 -1.2978547915590216e+01
    8.4259274287110443e+01 1.7473725329005031e+01
    -2.8839125180304105e+01 1.2898019264034451e+02
    -4.1193143404437276e+00 -2.9344340354241488e+01
    1.2993442458285895e+02 -4.0267787118696008e+00
    -9.4667682878701793e+00 1.1067472196857366e+02
    9.6099639356182234e+00 -1.3335056134727861e+01
    1.0176707799243205e+02 9.7772615581383135e+00
    -5.2195981776045910e+00 7.6512271174673998e+01
    1.4800675915589316e+01 -2.1027180816386103e+01
    9.6658092358587439e+01 1.1965472536300579e+01
    -2.1232040219944174e+01 9.7364534904096843e+01
    9.3533251118831053e+00 -6.8462189659227830e+00
    8.9486708738563422e+01 8.9100187369894748e+00
    -5.8197245037096224e+00 7.4347378783281712e+01
    9.6074878172415836e+00 -1.4948862796771385e+01
    6.9150679156843040e+01 9.1324283736428225e+00
    -1.3242095777496715e+01 6.8608680673378629e+01
    1.2530400672703657e+01 -1.0787538754504014e+01
    6.8811914672688630e+01</data></T>
<imSize>
  640 480</imSize>
<newCamMat type_id="opencv-matrix">
  <rows>3</rows>
  <cols>3</cols>
  <dt>d</dt>
  <data>
    1.3262215576171875e+03 0. 3.7294179113964492e+02 0.
    1.3133536376953125e+03 3.4965600084721518e+02 0. 0. 1.</data></newCamMat>
