<?xml version="1.0"?>
<opencv_storage>
<cameraMatrix type_id="opencv-matrix">
  <rows>3</rows>
  <cols>3</cols>
  <dt>d</dt>
  <data>
    1.3219792019941740e+03 0. 3.1899291034025197e+02 0.
    1.3164686946206955e+03 2.9215333238284819e+02 0. 0. 1.</data></cameraMatrix>
<distCoeffs type_id="opencv-matrix">
  <rows>1</rows>
  <cols>5</cols>
  <dt>d</dt>
  <data>
    3.7985855448160522e-01 -1.0188877814556261e+00
    2.7172523536361921e-02 1.2117920459141387e-02
    -5.4579445490008158e+00</data></distCoeffs>
<R type_id="opencv-matrix">
  <rows>25</rows>
  <cols>1</cols>
  <dt>"3d"</dt>
  <data>
    -9.8405817585512534e-02 1.2011189042958172e-01
    1.5387998945080330e+00 -3.4825165630238053e-01
    8.1910357024088876e-01 1.7021547495508582e+00 2.9109763084370931e-02
    4.0676948974177651e-01 1.5844724119284317e+00 1.5174872045245308e-02
    5.2043390680837187e-01 1.5195919063639403e+00
    -5.2634583666363266e-01 -7.6791941112282963e-02
    1.6172272148285405e+00 -4.6381817474976006e-01
    -4.2014103309135231e-01 1.5058186686440429e+00
    -2.3333473245170672e-01 -9.6555889129102498e-02
    1.5565484865386734e+00 -2.3761117206467863e-01
    7.9809285224998791e-02 1.6619955114247100e+00
    -8.5126066971819991e-01 4.6473931877993252e-01
    1.6516623718964536e+00 -6.6439362171756722e-01
    5.4902264799460665e-01 1.1643491010812383e+00
    -9.2506537447192638e-01 3.9291853321077369e-01
    1.5075287616724840e+00 -2.1058142531265749e-02
    1.3396228375867208e-01 1.6849163821631163e+00 5.7560858664892141e-02
    2.7265207304808076e-01 1.6789324834073052e+00 2.8242720030007401e-01
    2.3771619138238081e-01 1.5513808869280021e+00 4.6895674962727690e-01
    -7.7715206915178373e-02 1.4142081798808912e+00
    3.1811285927449817e-01 4.0379971190240299e-01 1.6598186182113823e+00
    4.8239898015826532e-01 5.5741704632522648e-01 1.6638006809073866e+00
    -4.1274930027419242e-03 3.6440336295745124e-01
    2.2109476733920208e+00 5.6534508898479596e-01 5.8482370595854871e-01
    1.5019598926978166e+00 -2.9457196924375734e-01
    5.9917966142719270e-01 1.6292735153467306e+00
    -3.0769750477778379e-01 6.5307606764533754e-01
    1.6471875805768277e+00 -2.5937955063031254e-01
    7.3057654177792597e-01 1.5794930315788986e+00 2.9955382078950205e-01
    -4.3693734010607549e-01 1.3268240619927143e+00
    2.8319332488586990e-01 -3.3196991002675530e-01
    1.3571270804861295e+00 7.5336429403023139e-02 4.4987492004750851e-01
    1.5479252773004781e+00</data></R>
<T type_id="opencv-matrix">
  <rows>25</rows>
  <cols>1</cols>
  <dt>"3d"</dt>
  <data>
    4.9087172729819182e+00 -1.0923358722886835e+01
    7.8485782827488350e+01 6.6439778956007789e+00
    -4.2717765369579102e+00 7.6297233032055303e+01
    5.9950480548220462e+00 -9.8517945988576372e+00
    7.3869077891821505e+01 5.2623698317176437e+00
    -8.7057987225725189e+00 6.9876858870633811e+01
    2.4433099859117688e+00 -9.7541141737920025e+00
    9.3278196709579930e+01 -5.1591236565221914e+00
    -2.4205690605706639e+01 1.4106358302501278e+02
    1.8779239822155219e+01 -2.3623643204508287e+01
    1.2013782613300114e+02 1.6255685484023342e+01
    -4.7372603546283356e+00 1.0515315293040608e+02
    1.4972801792982303e+01 3.9687750399103716e-01 1.0390392410363354e+02
    2.6564274235244731e+00 -1.1365650537311307e+01
    8.2373518604509201e+01 -5.5794177016006872e+00
    -1.5598044208313022e+01 1.1793579500330939e+02
    2.0357260898311620e+00 -9.9035100264926292e+00
    9.4088554916378087e+01 1.0158664323692808e+01
    -1.0388989450601445e+01 8.3800915288081271e+01
    1.6694987354371786e+01 -2.4747364587530452e+01
    1.2880754489926264e+02 -4.6785213444156888e+00
    -2.4463839921025563e+01 1.3101508590056437e+02
    -5.1043817568230443e+00 -5.2948102737816205e+00
    1.1106567454805749e+02 7.8731612150495023e+00
    -9.9943114288385555e+00 1.0176706615287389e+02
    6.9257444558867007e+00 -2.7827138664261826e+00
    7.6409595705889060e+01 1.2508737304266182e+01
    -1.8032687524616119e+01 9.6679008855746446e+01
    9.7470126940244430e+00 -1.8147280182076088e+01
    9.7844072627721772e+01 7.2410134821700272e+00
    -3.8960861896730381e+00 8.9419655736704058e+01
    5.9336181552885563e+00 -3.4262835445729669e+00
    7.4407519969746943e+01 6.0593856344545705e+00
    -1.2786437888431378e+01 6.9481316110320492e+01
    5.6325049196029822e+00 -1.1081655294971414e+01
    6.8873416102737181e+01 9.0831560449365121e+00
    -9.0298857080241657e+00 6.8998810305309490e+01</data></T>
<imSize>
  640 480</imSize>
<newCamMat type_id="opencv-matrix">
  <rows>3</rows>
  <cols>3</cols>
  <dt>d</dt>
  <data>
    1.3331384277343750e+03 0. 3.2207814818426414e+02 0.
    1.3158304443359375e+03 2.9464683478461848e+02 0. 0. 1.</data></newCamMat>
